0 0.1203125 0.48359375 0.16484375 0.26484375
0 0.1515625 0.81171875 0.17265625 0.2578125
0 0.1625 0.13828125 0.1703125 0.2609375
0 0.3171875 0.47578125 0.175 0.2875
0 0.33984375 0.84296875 0.13515625 0.18671875
0 0.35859375 0.1640625 0.17265625 0.22421875
0 0.5203125 0.48359375 0.1703125 0.26484375
0 0.51875 0.8265625 0.1578125 0.2421875
0 0.5390625 0.1640625 0.14765625 0.22421875
0 0.71640625 0.46640625 0.1828125 0.29140625
0 0.7140625 0.1640625 0.14765625 0.24609375
0 0.71640625 0.8453125 0.1421875 0.19765625
0 0.88515625 0.1640625 0.1453125 0.20859375
0 0.9 0.846875 0.1546875 0.21640625
0 0.90859375 0.51640625 0.15234375 0.2125